y_insulin:  tensor([[ 0.0000,  0.0000,  0.0000,  0.0000,  0.0000,  0.0000,  0.0000,  0.0000,
          0.0000,  0.0000,  0.0000,  0.0000,  0.0000,  0.0000,  0.0000],
        [ 0.0000,  0.0000,  0.0000,  0.0000,  0.0000,  0.0000,  8.0000,  0.0000,
          0.0000,  0.0000,  0.0000,  0.0000,  0.0000,  0.0000,  0.0000],
        [ 0.0000, 16.0000,  6.0000,  0.0000,  0.0000,  0.0000,  0.0000,  0.0000,
          0.0000,  0.0000,  0.0000,  0.0000,  0.0000,  0.0000,  0.0000],
        [ 0.0000, 17.6000,  0.0000,  0.0000,  0.0000,  0.0000,  0.0000,  0.0000,
          0.0000,  0.0000,  0.0000,  0.0000,  0.0000,  0.0000,  0.0000],
        [ 0.0000, 21.5000,  0.0000,  0.0000,  0.0000,  0.0000,  0.0000,  0.0000,
          0.0000,  0.0000,  0.0000,  0.0000,  0.0000,  0.0000,  0.0000],
        [ 0.0000, 19.8000,  0.0000,  0.0000,  0.0000,  0.0000,  0.0000,  0.0000,
          0.0000,  0.0000,  0.0000,  0.0000,  0.0000,  0.0000,  0.0000],
        [ 0.0000,  0.0000,  0.0000,  0.0000,  0.0000,  0.0000,  0.0000,  0.0000,
          0.0000,  0.0000,  0.0000,  0.0000,  0.0000,  0.0000,  0.0000],
        [ 0.0000,  0.0000,  0.0000,  0.0000,  0.0000,  0.0000,  0.0000,  0.0000,
          0.0000,  0.0000,  0.0000,  0.0000,  0.0000,  0.0000,  0.0000],
        [ 0.0000,  0.0000,  0.0000,  0.0000,  0.0000,  0.0000,  0.0000,  0.0000,
          0.0000,  0.0000,  0.0000,  0.0000,  0.0000,  0.0000,  0.0000],
        [ 0.0000, 23.5000,  0.0000,  0.0000,  0.0000,  0.0000,  0.0000,  0.0000,
          0.0000,  0.0000,  0.0000,  0.0000,  0.0000,  0.0000,  0.0000],
        [ 0.0000,  0.0000,  0.0000,  0.0000,  0.0000,  0.0000,  0.0000,  4.0000,
          0.0000,  0.0000,  0.0000,  0.0000,  0.0000,  0.0000,  0.0000],
        [ 0.0000,  0.0000,  0.0000,  0.0000,  0.0000,  0.0000,  0.0000,  0.0000,
          0.0000,  0.0000,  0.0000, 22.0000, 22.0000,  0.0000,  0.0000],
        [ 0.0000,  0.0000,  0.0000,  0.0000,  0.0000,  0.0000,  0.0000,  0.0000,
          0.0000,  0.0000,  0.0000,  0.0000,  0.0000,  0.0000,  0.0000],
        [ 0.0000,  0.0000,  0.0000,  0.0000,  0.0000,  0.0000,  0.0000,  0.0000,
          0.0000,  0.0000,  0.0000,  0.0000,  0.0000,  0.0000,  0.0000],
        [ 0.0000, 15.7000,  0.0000,  0.0000,  0.0000,  0.0000,  0.0000,  0.0000,
          0.0000,  0.0000,  0.0000,  0.0000,  0.0000,  0.0000,  0.0000],
        [ 0.0000,  0.0000,  0.0000,  0.0000,  0.0000,  0.0000,  0.0000,  0.0000,
          0.0000,  0.0000,  0.0000,  0.0000,  0.0000,  0.0000,  0.0000],
        [ 0.0000,  0.0000,  0.0000,  0.0000,  0.0000,  0.0000,  6.0000,  0.0000,
          0.0000,  0.0000,  0.0000,  0.0000,  0.0000,  0.0000,  0.0000],
        [ 0.0000, 15.7000,  0.0000,  0.0000,  0.0000,  0.0000,  0.0000,  0.0000,
          0.0000,  0.0000,  0.0000,  0.0000,  0.0000,  0.0000,  0.0000],
        [ 0.0000,  0.0000,  0.0000,  0.0000,  0.0000,  0.0000,  0.0000,  0.0000,
          0.0000,  0.0000,  0.0000,  0.0000,  0.0000,  0.0000,  0.0000],
        [ 0.0000, 19.5000,  0.0000,  0.0000,  0.0000,  0.0000,  0.0000,  0.0000,
          0.0000,  0.0000,  0.0000,  0.0000,  0.0000,  0.0000,  0.0000],
        [ 0.0000,  0.0000,  0.0000,  0.0000,  0.0000,  0.0000,  0.0000,  0.0000,
          0.0000,  0.0000,  0.0000,  0.0000,  0.0000,  0.0000,  0.0000],
        [ 0.0000,  0.0000,  0.0000,  0.0000,  0.0000,  0.0000,  0.0000,  0.0000,
          0.0000,  0.0000,  0.0000,  0.0000,  0.0000,  0.0000,  0.0000],
        [ 0.0000, 38.0000,  0.0000,  0.0000, 20.0000,  0.0000,  0.0000,  0.0000,
          0.0000,  0.0000,  0.0000,  0.0000,  0.0000,  0.0000,  0.0000],
        [ 0.0000,  0.0000,  0.0000,  0.0000,  0.0000,  0.0000,  0.0000,  0.0000,
          0.0000,  0.0000,  0.0000, 42.0000, 42.0000,  0.0000,  0.0000],
        [ 0.0000, 19.6000,  0.0000,  0.0000,  0.0000,  0.0000,  0.0000,  0.0000,
          0.0000,  0.0000,  0.0000,  0.0000,  0.0000,  0.0000,  0.0000],
        [ 0.0000,  0.0000,  0.0000,  0.0000,  0.0000,  0.0000,  0.0000,  0.0000,
          0.0000,  0.0000,  0.0000,  0.0000,  0.0000,  0.0000,  0.0000],
        [ 0.0000,  0.0000,  0.0000,  0.0000,  0.0000,  0.0000,  0.0000,  0.0000,
          0.0000,  0.0000,  0.0000,  0.0000,  0.0000,  0.0000,  0.0000],
        [ 0.0000,  0.0000,  0.0000,  0.0000,  0.0000,  0.0000,  0.0000,  0.0000,
          0.0000,  0.0000,  0.0000,  0.0000,  0.0000,  0.0000,  0.0000],
        [ 0.0000,  0.0000,  0.0000,  0.0000,  0.0000,  0.0000,  0.0000,  0.0000,
          0.0000,  0.0000,  8.0000,  0.0000,  0.0000,  0.0000,  0.0000],
        [ 0.0000,  0.0000,  0.0000,  0.0000,  0.0000,  0.0000,  0.0000,  0.0000,
          0.0000,  0.0000,  0.0000,  0.0000,  0.0000,  0.0000,  0.0000],
        [ 0.0000,  0.0000,  0.0000,  0.0000,  0.0000,  0.0000,  0.0000,  0.0000,
          0.0000,  0.0000,  0.0000, 32.0000, 32.0000,  0.0000,  0.0000],
        [ 0.0000, 20.1000,  0.0000,  0.0000,  0.0000,  0.0000,  0.0000,  0.0000,
          0.0000,  0.0000,  0.0000,  0.0000,  0.0000,  0.0000,  0.0000]])
y_diabetes_tablet:  tensor([[0.0000e+00, 0.0000e+00, 0.0000e+00, 1.5000e+03, 6.0000e+01, 0.0000e+00,
         0.0000e+00, 0.0000e+00, 0.0000e+00, 0.0000e+00, 0.0000e+00, 0.0000e+00,
         0.0000e+00, 0.0000e+00, 0.0000e+00],
        [0.0000e+00, 0.0000e+00, 6.0000e-01, 0.0000e+00, 0.0000e+00, 0.0000e+00,
         0.0000e+00, 0.0000e+00, 0.0000e+00, 0.0000e+00, 0.0000e+00, 0.0000e+00,
         0.0000e+00, 0.0000e+00, 0.0000e+00],
        [0.0000e+00, 0.0000e+00, 0.0000e+00, 0.0000e+00, 0.0000e+00, 0.0000e+00,
         0.0000e+00, 0.0000e+00, 0.0000e+00, 0.0000e+00, 0.0000e+00, 0.0000e+00,
         0.0000e+00, 0.0000e+00, 0.0000e+00],
        [0.0000e+00, 0.0000e+00, 0.0000e+00, 0.0000e+00, 0.0000e+00, 1.0000e+01,
         0.0000e+00, 0.0000e+00, 0.0000e+00, 0.0000e+00, 0.0000e+00, 0.0000e+00,
         0.0000e+00, 0.0000e+00, 0.0000e+00],
        [0.0000e+00, 0.0000e+00, 0.0000e+00, 0.0000e+00, 0.0000e+00, 0.0000e+00,
         0.0000e+00, 0.0000e+00, 0.0000e+00, 0.0000e+00, 0.0000e+00, 0.0000e+00,
         0.0000e+00, 0.0000e+00, 0.0000e+00],
        [0.0000e+00, 1.5000e+02, 0.0000e+00, 1.0000e+02, 0.0000e+00, 5.0000e+00,
         1.5000e+01, 0.0000e+00, 0.0000e+00, 0.0000e+00, 0.0000e+00, 0.0000e+00,
         0.0000e+00, 0.0000e+00, 0.0000e+00],
        [0.0000e+00, 0.0000e+00, 0.0000e+00, 0.0000e+00, 0.0000e+00, 0.0000e+00,
         0.0000e+00, 0.0000e+00, 1.0000e+02, 0.0000e+00, 0.0000e+00, 0.0000e+00,
         0.0000e+00, 0.0000e+00, 0.0000e+00],
        [0.0000e+00, 1.5000e+02, 0.0000e+00, 0.0000e+00, 0.0000e+00, 0.0000e+00,
         0.0000e+00, 0.0000e+00, 0.0000e+00, 0.0000e+00, 0.0000e+00, 0.0000e+00,
         0.0000e+00, 0.0000e+00, 0.0000e+00],
        [0.0000e+00, 3.0000e+02, 0.0000e+00, 0.0000e+00, 2.4000e+02, 1.0000e+01,
         0.0000e+00, 0.0000e+00, 0.0000e+00, 0.0000e+00, 0.0000e+00, 0.0000e+00,
         0.0000e+00, 0.0000e+00, 0.0000e+00],
        [0.0000e+00, 1.5000e+02, 0.0000e+00, 0.0000e+00, 0.0000e+00, 0.0000e+00,
         0.0000e+00, 0.0000e+00, 0.0000e+00, 0.0000e+00, 0.0000e+00, 0.0000e+00,
         0.0000e+00, 0.0000e+00, 0.0000e+00],
        [0.0000e+00, 0.0000e+00, 0.0000e+00, 0.0000e+00, 0.0000e+00, 0.0000e+00,
         0.0000e+00, 0.0000e+00, 0.0000e+00, 0.0000e+00, 0.0000e+00, 0.0000e+00,
         0.0000e+00, 0.0000e+00, 0.0000e+00],
        [0.0000e+00, 0.0000e+00, 0.0000e+00, 0.0000e+00, 0.0000e+00, 0.0000e+00,
         0.0000e+00, 0.0000e+00, 0.0000e+00, 0.0000e+00, 0.0000e+00, 0.0000e+00,
         0.0000e+00, 0.0000e+00, 0.0000e+00],
        [0.0000e+00, 0.0000e+00, 0.0000e+00, 2.5000e+02, 0.0000e+00, 0.0000e+00,
         0.0000e+00, 0.0000e+00, 5.0000e+01, 0.0000e+00, 0.0000e+00, 0.0000e+00,
         0.0000e+00, 0.0000e+00, 0.0000e+00],
        [0.0000e+00, 0.0000e+00, 6.0000e-01, 1.5000e+03, 0.0000e+00, 0.0000e+00,
         0.0000e+00, 0.0000e+00, 0.0000e+00, 0.0000e+00, 0.0000e+00, 0.0000e+00,
         0.0000e+00, 0.0000e+00, 0.0000e+00],
        [0.0000e+00, 0.0000e+00, 0.0000e+00, 0.0000e+00, 0.0000e+00, 0.0000e+00,
         0.0000e+00, 0.0000e+00, 0.0000e+00, 0.0000e+00, 0.0000e+00, 0.0000e+00,
         0.0000e+00, 0.0000e+00, 0.0000e+00],
        [0.0000e+00, 0.0000e+00, 0.0000e+00, 5.0000e+02, 0.0000e+00, 0.0000e+00,
         0.0000e+00, 0.0000e+00, 0.0000e+00, 0.0000e+00, 0.0000e+00, 0.0000e+00,
         0.0000e+00, 0.0000e+00, 0.0000e+00],
        [0.0000e+00, 0.0000e+00, 6.0000e-01, 0.0000e+00, 0.0000e+00, 0.0000e+00,
         0.0000e+00, 0.0000e+00, 0.0000e+00, 0.0000e+00, 0.0000e+00, 0.0000e+00,
         0.0000e+00, 0.0000e+00, 0.0000e+00],
        [0.0000e+00, 0.0000e+00, 0.0000e+00, 0.0000e+00, 0.0000e+00, 0.0000e+00,
         0.0000e+00, 0.0000e+00, 0.0000e+00, 0.0000e+00, 0.0000e+00, 0.0000e+00,
         0.0000e+00, 0.0000e+00, 0.0000e+00],
        [0.0000e+00, 0.0000e+00, 0.0000e+00, 1.0000e+03, 0.0000e+00, 0.0000e+00,
         0.0000e+00, 0.0000e+00, 0.0000e+00, 0.0000e+00, 0.0000e+00, 4.0000e+00,
         0.0000e+00, 0.0000e+00, 0.0000e+00],
        [0.0000e+00, 1.5000e+02, 0.0000e+00, 0.0000e+00, 0.0000e+00, 0.0000e+00,
         0.0000e+00, 0.0000e+00, 0.0000e+00, 0.0000e+00, 0.0000e+00, 0.0000e+00,
         0.0000e+00, 0.0000e+00, 0.0000e+00],
        [0.0000e+00, 0.0000e+00, 0.0000e+00, 0.0000e+00, 0.0000e+00, 0.0000e+00,
         0.0000e+00, 0.0000e+00, 1.0000e+02, 0.0000e+00, 0.0000e+00, 0.0000e+00,
         0.0000e+00, 0.0000e+00, 0.0000e+00],
        [0.0000e+00, 1.5000e+02, 0.0000e+00, 5.0000e+02, 0.0000e+00, 0.0000e+00,
         0.0000e+00, 0.0000e+00, 0.0000e+00, 0.0000e+00, 0.0000e+00, 0.0000e+00,
         0.0000e+00, 0.0000e+00, 0.0000e+00],
        [0.0000e+00, 0.0000e+00, 0.0000e+00, 0.0000e+00, 0.0000e+00, 0.0000e+00,
         0.0000e+00, 0.0000e+00, 0.0000e+00, 0.0000e+00, 0.0000e+00, 0.0000e+00,
         0.0000e+00, 0.0000e+00, 0.0000e+00],
        [0.0000e+00, 0.0000e+00, 0.0000e+00, 0.0000e+00, 0.0000e+00, 0.0000e+00,
         0.0000e+00, 0.0000e+00, 0.0000e+00, 0.0000e+00, 0.0000e+00, 0.0000e+00,
         0.0000e+00, 0.0000e+00, 0.0000e+00],
        [0.0000e+00, 1.5000e+02, 0.0000e+00, 0.0000e+00, 0.0000e+00, 0.0000e+00,
         0.0000e+00, 0.0000e+00, 0.0000e+00, 0.0000e+00, 0.0000e+00, 0.0000e+00,
         0.0000e+00, 0.0000e+00, 0.0000e+00],
        [0.0000e+00, 5.0000e+01, 0.0000e+00, 1.2750e+03, 0.0000e+00, 1.0000e+01,
         0.0000e+00, 0.0000e+00, 0.0000e+00, 0.0000e+00, 0.0000e+00, 0.0000e+00,
         0.0000e+00, 0.0000e+00, 0.0000e+00],
        [0.0000e+00, 5.0000e+01, 0.0000e+00, 0.0000e+00, 0.0000e+00, 0.0000e+00,
         0.0000e+00, 0.0000e+00, 1.0000e+02, 0.0000e+00, 0.0000e+00, 0.0000e+00,
         0.0000e+00, 0.0000e+00, 0.0000e+00],
        [0.0000e+00, 0.0000e+00, 0.0000e+00, 0.0000e+00, 0.0000e+00, 0.0000e+00,
         0.0000e+00, 0.0000e+00, 1.0000e+02, 0.0000e+00, 0.0000e+00, 0.0000e+00,
         0.0000e+00, 0.0000e+00, 0.0000e+00],
        [0.0000e+00, 0.0000e+00, 0.0000e+00, 1.7000e+03, 0.0000e+00, 0.0000e+00,
         0.0000e+00, 0.0000e+00, 0.0000e+00, 0.0000e+00, 0.0000e+00, 0.0000e+00,
         0.0000e+00, 0.0000e+00, 0.0000e+00],
        [0.0000e+00, 0.0000e+00, 0.0000e+00, 5.0000e+02, 0.0000e+00, 0.0000e+00,
         0.0000e+00, 0.0000e+00, 0.0000e+00, 0.0000e+00, 1.5000e+00, 0.0000e+00,
         0.0000e+00, 0.0000e+00, 0.0000e+00],
        [0.0000e+00, 0.0000e+00, 0.0000e+00, 1.0000e+03, 0.0000e+00, 0.0000e+00,
         0.0000e+00, 6.0000e-01, 0.0000e+00, 0.0000e+00, 0.0000e+00, 0.0000e+00,
         0.0000e+00, 0.0000e+00, 0.0000e+00],
        [0.0000e+00, 0.0000e+00, 0.0000e+00, 0.0000e+00, 0.0000e+00, 0.0000e+00,
         0.0000e+00, 0.0000e+00, 0.0000e+00, 0.0000e+00, 0.0000e+00, 0.0000e+00,
         0.0000e+00, 0.0000e+00, 0.0000e+00]])
pred_ins:  tensor([[ 2.8791e-01,  5.2847e-01,  3.5073e-01,  1.3274e-01,  1.6040e-02,
          4.2885e-01,  7.7988e-01,  2.2453e-01,  1.6354e-01,  1.9419e-01,
          2.6027e-01,  2.7163e-01,  2.8324e-01,  2.1206e-01,  9.2311e-02],
        [ 4.0683e-01,  6.7074e-01,  4.2699e-01,  2.4457e-01,  1.5598e-02,
          6.0958e-01,  9.6596e-01,  3.7536e-01,  1.6929e-01,  2.3139e-01,
          2.1037e-01,  3.1134e-01,  3.8821e-01,  1.7578e-01,  2.4237e-01],
        [ 3.5829e-01,  6.5178e-01,  4.0276e-01,  1.8798e-01,  5.5617e-02,
          5.3236e-01,  9.6367e-01,  3.0834e-01,  1.9419e-01,  2.7140e-01,
          2.5430e-01,  3.1667e-01,  3.9720e-01,  2.6061e-01,  1.0824e-01],
        [ 2.8669e-01,  5.1829e-01,  3.5083e-01,  1.2770e-01,  1.8853e-02,
          4.2865e-01,  7.7342e-01,  2.2144e-01,  1.5279e-01,  1.9014e-01,
          2.5774e-01,  2.5987e-01,  2.8203e-01,  2.0503e-01,  8.2298e-02],
        [ 3.3951e-01,  5.3415e-01,  3.6802e-01,  1.7998e-01, -1.0322e-02,
          4.9282e-01,  7.7425e-01,  2.9729e-01,  1.4900e-01,  1.5930e-01,
          1.9498e-01,  2.6782e-01,  2.7292e-01,  1.0582e-01,  2.0052e-01],
        [ 3.4148e-01,  5.3603e-01,  3.6668e-01,  1.8349e-01, -9.7036e-03,
          4.9301e-01,  7.6604e-01,  2.9816e-01,  1.5447e-01,  1.6710e-01,
          1.8980e-01,  2.7270e-01,  2.7475e-01,  1.0942e-01,  1.9980e-01],
        [ 4.0024e-01,  6.9455e-01,  3.8363e-01,  2.2052e-01,  1.4547e-02,
          6.0999e-01,  9.4527e-01,  3.3611e-01,  1.6583e-01,  2.4375e-01,
          2.2796e-01,  2.8704e-01,  4.1671e-01,  1.7281e-01,  2.4403e-01],
        [ 2.8900e-01,  5.1829e-01,  3.5591e-01,  1.2303e-01,  1.8000e-02,
          4.3076e-01,  7.7904e-01,  2.1578e-01,  1.4827e-01,  1.9022e-01,
          2.5927e-01,  2.5679e-01,  2.7679e-01,  2.0581e-01,  8.0467e-02],
        [ 2.9220e-01,  4.9237e-01,  3.0020e-01,  1.4159e-01,  4.0240e-02,
          4.5282e-01,  6.7869e-01,  2.6386e-01,  1.5277e-01,  1.6128e-01,
          1.9911e-01,  2.7956e-01,  2.7478e-01,  1.2986e-01,  1.3745e-01],
        [ 3.3231e-01,  5.2211e-01,  3.6496e-01,  1.7788e-01,  4.9517e-05,
          4.8397e-01,  7.5470e-01,  2.9399e-01,  1.5733e-01,  1.7181e-01,
          1.8554e-01,  2.7538e-01,  2.7480e-01,  1.1067e-01,  1.8825e-01],
        [ 1.2943e-01,  3.0074e-01,  2.1388e-01, -1.5824e-02, -2.2491e-02,
          2.1517e-01,  4.8516e-01,  8.6778e-02,  1.1571e-01,  6.5776e-02,
          2.5502e-01,  1.8159e-01,  8.7436e-02,  8.9242e-02,  4.6105e-04],
        [ 2.8579e-01,  5.2058e-01,  3.4933e-01,  1.2166e-01,  1.4868e-02,
          4.3562e-01,  7.7768e-01,  2.1733e-01,  1.5183e-01,  1.8218e-01,
          2.5830e-01,  2.5613e-01,  2.8129e-01,  2.0779e-01,  8.3449e-02],
        [ 3.6983e-01,  6.5343e-01,  4.0148e-01,  1.8814e-01,  5.9633e-02,
          5.2939e-01,  9.4808e-01,  2.9888e-01,  1.8185e-01,  2.7321e-01,
          2.5361e-01,  3.0517e-01,  3.8852e-01,  2.4871e-01,  1.1474e-01],
        [ 3.3826e-01,  5.5395e-01,  3.6190e-01,  1.7957e-01, -1.5171e-02,
          5.0073e-01,  7.7652e-01,  2.8744e-01,  1.3414e-01,  1.5581e-01,
          2.0849e-01,  2.5259e-01,  2.7624e-01,  1.2502e-01,  2.0460e-01],
        [ 2.5758e-01,  3.9016e-01,  2.7899e-01,  1.1077e-01, -4.4712e-03,
          3.6114e-01,  5.6876e-01,  2.1239e-01,  1.2286e-01,  1.0506e-01,
          1.8078e-01,  2.2196e-01,  1.6040e-01,  8.2257e-02,  1.3820e-01],
        [ 4.4968e-01,  7.8839e-01,  4.4949e-01,  2.4872e-01,  9.9480e-02,
          6.3300e-01,  1.1297e+00,  3.8243e-01,  2.1468e-01,  3.5373e-01,
          2.4856e-01,  3.4995e-01,  5.0110e-01,  2.9417e-01,  1.4784e-01],
        [ 4.7226e-01,  8.0338e-01,  4.6755e-01,  2.9620e-01,  4.0035e-02,
          7.2226e-01,  1.1385e+00,  4.3332e-01,  1.9834e-01,  3.1296e-01,
          2.2315e-01,  3.4890e-01,  5.1659e-01,  2.3417e-01,  2.8031e-01],
        [ 3.2518e-01,  5.5726e-01,  3.6001e-01,  1.4790e-01, -1.8549e-03,
          4.8354e-01,  7.8565e-01,  2.6264e-01,  1.4078e-01,  1.7895e-01,
          2.3113e-01,  2.4014e-01,  2.9937e-01,  1.4884e-01,  1.7307e-01],
        [ 2.9193e-01,  5.2182e-01,  3.4745e-01,  1.2752e-01,  2.0095e-02,
          4.2915e-01,  7.6974e-01,  2.1962e-01,  1.5230e-01,  1.9114e-01,
          2.5710e-01,  2.5815e-01,  2.8191e-01,  2.0489e-01,  8.4829e-02],
        [ 4.0077e-01,  6.4832e-01,  3.9341e-01,  2.2981e-01,  4.8365e-02,
          5.8391e-01,  8.9733e-01,  3.5297e-01,  1.8576e-01,  2.5052e-01,
          1.8119e-01,  3.1785e-01,  3.8747e-01,  1.6620e-01,  2.0426e-01],
        [ 2.7381e-01,  4.1195e-01,  2.9818e-01,  1.2623e-01, -2.5188e-02,
          3.7758e-01,  6.2009e-01,  2.3189e-01,  1.1320e-01,  9.2097e-02,
          1.9328e-01,  2.1204e-01,  1.6028e-01,  7.2301e-02,  1.6842e-01],
        [ 3.3137e-01,  5.3673e-01,  3.5058e-01,  1.7540e-01,  5.1588e-05,
          4.8660e-01,  7.6117e-01,  2.8632e-01,  1.4974e-01,  1.6820e-01,
          1.9266e-01,  2.6925e-01,  2.7603e-01,  1.2190e-01,  1.8816e-01],
        [ 2.8315e-01,  5.2208e-01,  3.5385e-01,  1.2728e-01,  1.3533e-02,
          4.3124e-01,  7.8252e-01,  2.2106e-01,  1.5784e-01,  1.8775e-01,
          2.5952e-01,  2.6397e-01,  2.8572e-01,  2.0948e-01,  8.3360e-02],
        [ 3.6498e-01,  6.5709e-01,  3.9651e-01,  1.9068e-01,  5.2983e-02,
          5.3539e-01,  9.5168e-01,  3.0359e-01,  1.8861e-01,  2.6701e-01,
          2.5005e-01,  3.0833e-01,  3.9544e-01,  2.5380e-01,  1.1632e-01],
        [ 3.2732e-01,  5.1922e-01,  3.4562e-01,  1.7191e-01,  1.7263e-02,
          4.7594e-01,  7.3213e-01,  2.8429e-01,  1.5383e-01,  1.7986e-01,
          1.8627e-01,  2.7624e-01,  2.7393e-01,  1.2279e-01,  1.7671e-01],
        [ 4.1027e-01,  6.6253e-01,  4.2028e-01,  2.4179e-01,  2.0080e-02,
          6.0846e-01,  9.3844e-01,  3.7138e-01,  1.7710e-01,  2.3521e-01,
          1.9772e-01,  3.1874e-01,  3.9508e-01,  1.4891e-01,  2.4009e-01],
        [ 4.0669e-01,  6.7005e-01,  4.2431e-01,  2.3690e-01,  1.7441e-02,
          6.1279e-01,  9.5330e-01,  3.6472e-01,  1.6849e-01,  2.3452e-01,
          2.0481e-01,  3.1073e-01,  3.9160e-01,  1.6257e-01,  2.3630e-01],
        [ 4.0302e-01,  6.7995e-01,  4.1498e-01,  2.3663e-01,  4.6096e-03,
          6.1593e-01,  9.5097e-01,  3.5282e-01,  1.6349e-01,  2.2957e-01,
          2.1611e-01,  2.9947e-01,  3.9904e-01,  1.7991e-01,  2.4159e-01],
        [ 3.3578e-01,  5.5145e-01,  3.6112e-01,  1.7221e-01, -1.2937e-02,
          5.0107e-01,  7.7774e-01,  2.8112e-01,  1.3012e-01,  1.5621e-01,
          2.0963e-01,  2.4814e-01,  2.7477e-01,  1.2815e-01,  1.9871e-01],
        [ 3.3926e-01,  5.3956e-01,  3.6388e-01,  1.8254e-01, -1.0385e-02,
          4.9267e-01,  7.7442e-01,  2.9906e-01,  1.4618e-01,  1.5935e-01,
          1.9786e-01,  2.6649e-01,  2.7464e-01,  1.1161e-01,  2.0387e-01],
        [ 3.3361e-01,  5.5408e-01,  3.5637e-01,  1.7293e-01, -2.3437e-02,
          4.9876e-01,  7.7913e-01,  2.7365e-01,  1.3271e-01,  1.5602e-01,
          2.1230e-01,  2.4469e-01,  2.7752e-01,  1.4363e-01,  1.9881e-01],
        [ 3.3470e-01,  5.2083e-01,  3.5753e-01,  1.7507e-01, -2.2899e-04,
          4.8674e-01,  7.4662e-01,  2.9273e-01,  1.5030e-01,  1.6413e-01,
          1.9014e-01,  2.7235e-01,  2.7603e-01,  1.0910e-01,  1.9014e-01]],
       grad_fn=<AddmmBackward0>)
pred_drug_tabl:  tensor([[-4.3094e-02,  2.0774e-01, -3.4889e-01,  1.2455e+00, -2.2232e-02,
          2.1964e-01,  9.5923e-02,  1.5182e-01,  4.1224e-01, -4.2147e-01,
          9.3138e-02,  2.4511e-01,  2.1759e-02,  1.5048e-01, -8.9737e-02],
        [ 1.1281e-02,  1.9479e-01, -4.4409e-01,  1.5763e+00,  1.1555e-01,
          2.6031e-01,  1.6702e-01,  2.3287e-01,  4.9775e-01, -5.5213e-01,
          1.7291e-01,  2.9698e-01,  7.8472e-02,  1.3770e-01, -1.7134e-01],
        [-3.8865e-02,  2.2252e-01, -4.0256e-01,  1.5723e+00,  2.6462e-02,
          2.5227e-01,  1.2114e-01,  2.2223e-01,  4.7626e-01, -5.1253e-01,
          1.2001e-01,  3.4789e-01,  3.5260e-02,  2.0561e-01, -1.0135e-01],
        [-5.3302e-02,  2.0878e-01, -3.3242e-01,  1.2448e+00, -2.8646e-02,
          2.1544e-01,  9.9075e-02,  1.5773e-01,  4.1032e-01, -4.0922e-01,
          8.8389e-02,  2.4890e-01,  2.5123e-02,  1.5360e-01, -8.8403e-02],
        [ 2.3634e-02,  1.8746e-01, -3.7528e-01,  1.2441e+00,  7.3249e-02,
          2.1462e-01,  1.2407e-01,  1.8949e-01,  4.0493e-01, -4.4768e-01,
          1.2811e-01,  2.2001e-01,  5.8958e-02,  8.0940e-02, -1.6196e-01],
        [ 2.1886e-02,  1.8723e-01, -3.7726e-01,  1.2338e+00,  6.8335e-02,
          2.1613e-01,  1.2344e-01,  1.8734e-01,  4.0344e-01, -4.5082e-01,
          1.2803e-01,  2.2068e-01,  5.3699e-02,  8.0300e-02, -1.6026e-01],
        [-5.9463e-03,  1.9052e-01, -4.2952e-01,  1.5674e+00,  9.1539e-02,
          2.7116e-01,  1.4782e-01,  1.6698e-01,  5.1312e-01, -5.3154e-01,
          1.7842e-01,  2.8201e-01,  9.3906e-02,  1.7835e-01, -1.6529e-01],
        [-5.5381e-02,  2.0433e-01, -3.2926e-01,  1.2502e+00, -3.3202e-02,
          2.1660e-01,  9.9046e-02,  1.5472e-01,  4.2078e-01, -4.0797e-01,
          9.1880e-02,  2.4214e-01,  3.1779e-02,  1.4878e-01, -8.8116e-02],
        [ 7.3031e-03,  2.0992e-01, -3.6485e-01,  1.1586e+00,  4.5239e-02,
          2.2265e-01,  1.1174e-01,  1.8535e-01,  3.8967e-01, -4.4808e-01,
          8.1844e-02,  2.4507e-01,  2.8839e-02,  7.4087e-02, -9.7601e-02],
        [ 1.7002e-02,  1.8976e-01, -3.7707e-01,  1.2265e+00,  6.2470e-02,
          2.2381e-01,  1.2098e-01,  1.9617e-01,  3.9748e-01, -4.4794e-01,
          1.1381e-01,  2.2780e-01,  5.6391e-02,  7.1115e-02, -1.6025e-01],
        [-8.8635e-02,  1.5158e-01, -2.1623e-01,  6.8223e-01, -1.3678e-01,
          1.3552e-01,  1.1178e-01,  1.0697e-01,  2.5231e-01, -2.3449e-01,
         -6.9708e-02,  3.6369e-02,  3.0297e-02,  7.7431e-02, -4.7817e-02],
        [-4.8841e-02,  2.0658e-01, -3.3261e-01,  1.2425e+00, -2.5018e-02,
          2.1202e-01,  9.7794e-02,  1.4946e-01,  4.1594e-01, -4.1432e-01,
          9.6727e-02,  2.4175e-01,  2.8372e-02,  1.5801e-01, -8.4284e-02],
        [-3.7867e-02,  2.1817e-01, -3.8925e-01,  1.5541e+00,  2.4226e-02,
          2.4821e-01,  1.2033e-01,  2.0886e-01,  4.9355e-01, -4.9831e-01,
          1.3299e-01,  3.3336e-01,  3.8984e-02,  1.9300e-01, -1.1301e-01],
        [-9.1435e-04,  1.8607e-01, -3.7413e-01,  1.2459e+00,  6.2744e-02,
          2.1322e-01,  1.3543e-01,  1.6207e-01,  4.2674e-01, -4.4502e-01,
          1.4319e-01,  2.0000e-01,  6.5474e-02,  1.0288e-01, -1.4524e-01],
        [-5.3651e-03,  1.6350e-01, -3.2304e-01,  9.0608e-01, -1.2742e-02,
          1.9302e-01,  1.0959e-01,  1.5137e-01,  3.2173e-01, -3.5711e-01,
          4.7824e-02,  1.3339e-01,  4.7417e-02,  2.4783e-02, -1.1125e-01],
        [-2.3204e-02,  2.2701e-01, -4.4889e-01,  1.8682e+00,  7.9381e-02,
          2.8083e-01,  1.4694e-01,  2.6265e-01,  5.6748e-01, -5.9475e-01,
          1.7351e-01,  4.2219e-01,  5.1522e-02,  2.4314e-01, -1.3149e-01],
        [ 6.7800e-03,  2.0302e-01, -5.0288e-01,  1.8968e+00,  1.4635e-01,
          3.1140e-01,  1.8124e-01,  2.5042e-01,  5.8666e-01, -6.4258e-01,
          2.2034e-01,  3.8444e-01,  1.0513e-01,  2.0118e-01, -1.8902e-01],
        [-3.1219e-02,  1.8866e-01, -3.6924e-01,  1.2670e+00,  2.6179e-02,
          2.3881e-01,  1.2089e-01,  1.2114e-01,  4.2623e-01, -4.3534e-01,
          1.3513e-01,  1.9771e-01,  7.7246e-02,  1.4346e-01, -1.2919e-01],
        [-5.1458e-02,  2.0748e-01, -3.3223e-01,  1.2397e+00, -2.8177e-02,
          2.1304e-01,  9.7008e-02,  1.5322e-01,  4.1325e-01, -4.0899e-01,
          9.2680e-02,  2.4479e-01,  2.3034e-02,  1.5341e-01, -9.0231e-02],
        [ 1.7748e-02,  2.0386e-01, -4.2327e-01,  1.4988e+00,  1.1081e-01,
          2.5676e-01,  1.4913e-01,  2.4844e-01,  4.7683e-01, -5.3559e-01,
          1.5849e-01,  3.1368e-01,  6.5818e-02,  1.1545e-01, -1.6243e-01],
        [ 8.8683e-03,  1.5573e-01, -3.3383e-01,  9.5932e-01,  3.5406e-03,
          1.8261e-01,  1.1091e-01,  1.4138e-01,  3.2601e-01, -3.5684e-01,
          6.4621e-02,  1.2664e-01,  5.5726e-02,  4.6299e-02, -1.2847e-01],
        [ 1.5633e-03,  1.8354e-01, -3.7439e-01,  1.2333e+00,  5.1999e-02,
          2.1658e-01,  1.3290e-01,  1.9222e-01,  4.0887e-01, -4.4982e-01,
          1.1483e-01,  2.1829e-01,  5.4012e-02,  8.6463e-02, -1.4491e-01],
        [-5.2999e-02,  2.0807e-01, -3.3919e-01,  1.2521e+00, -2.7234e-02,
          2.1673e-01,  9.9041e-02,  1.5655e-01,  4.0876e-01, -4.1297e-01,
          8.8611e-02,  2.4733e-01,  2.9131e-02,  1.5622e-01, -8.8317e-02],
        [-3.5214e-02,  2.1968e-01, -3.9291e-01,  1.5530e+00,  2.8164e-02,
          2.4662e-01,  1.2178e-01,  2.0735e-01,  4.8681e-01, -5.0824e-01,
          1.3262e-01,  3.3654e-01,  3.6974e-02,  2.0305e-01, -1.0568e-01],
        [ 4.9678e-03,  1.8928e-01, -3.7710e-01,  1.2067e+00,  5.0707e-02,
          2.2832e-01,  1.2937e-01,  1.9447e-01,  4.0482e-01, -4.5163e-01,
          1.0731e-01,  2.2567e-01,  4.9672e-02,  6.7691e-02, -1.3813e-01],
        [ 3.3677e-02,  1.9537e-01, -4.3075e-01,  1.5427e+00,  1.2951e-01,
          2.4962e-01,  1.5211e-01,  2.3260e-01,  4.8301e-01, -5.4381e-01,
          1.7420e-01,  3.0824e-01,  6.7334e-02,  1.3322e-01, -1.8253e-01],
        [ 1.3373e-02,  1.8904e-01, -4.2991e-01,  1.5610e+00,  1.1350e-01,
          2.5395e-01,  1.6204e-01,  2.2641e-01,  5.0006e-01, -5.4401e-01,
          1.7525e-01,  2.9710e-01,  8.0835e-02,  1.3792e-01, -1.7009e-01],
        [ 2.2487e-03,  1.9402e-01, -4.3151e-01,  1.5616e+00,  1.0265e-01,
          2.5697e-01,  1.5322e-01,  1.9453e-01,  5.1188e-01, -5.3984e-01,
          1.9033e-01,  2.9022e-01,  8.7191e-02,  1.5687e-01, -1.6421e-01],
        [-7.4196e-03,  1.8072e-01, -3.7139e-01,  1.2495e+00,  5.3935e-02,
          2.1481e-01,  1.3445e-01,  1.6268e-01,  4.3146e-01, -4.4128e-01,
          1.4098e-01,  1.9742e-01,  7.1336e-02,  1.0270e-01, -1.3986e-01],
        [ 1.8331e-02,  1.8716e-01, -3.7906e-01,  1.2446e+00,  7.2605e-02,
          2.1604e-01,  1.2800e-01,  1.8402e-01,  4.0719e-01, -4.5095e-01,
          1.2755e-01,  2.1483e-01,  5.7448e-02,  8.7574e-02, -1.5695e-01],
        [-1.5459e-02,  1.8354e-01, -3.7441e-01,  1.2541e+00,  4.1196e-02,
          2.1786e-01,  1.2587e-01,  1.4783e-01,  4.3600e-01, -4.4214e-01,
          1.4532e-01,  1.9672e-01,  7.6397e-02,  1.1092e-01, -1.3730e-01],
        [ 2.1739e-02,  1.8796e-01, -3.7224e-01,  1.2165e+00,  6.8325e-02,
          2.1514e-01,  1.2178e-01,  1.9231e-01,  3.9780e-01, -4.4878e-01,
          1.1884e-01,  2.2442e-01,  4.6601e-02,  7.8836e-02, -1.5358e-01]],
       grad_fn=<AddmmBackward0>)